+----+----+----+----+
|   0|   0|   0|   0|
|   0|   0|   0|   0|
|   0|   0|   2|   0|
|   0|   2|   0|   0|
+----+----+----+----+
+----+----+----+----+
|   0|   2|   2|   0|
|   0|   2|   0|   0|
|   0|   0|   0|   0|
|   0|   0|   0|   0|
+----+----+----+----+
+----+----+----+----+
|   0|   4|   2|   0|
|   0|   0|   0|   0|
|   0|   0|   2|   0|
|   0|   0|   0|   0|
+----+----+----+----+
+----+----+----+----+
|   0|   4|   4|   0|
|   0|   0|   0|   0|
|   0|   2|   0|   0|
|   0|   0|   0|   0|
+----+----+----+----+
+----+----+----+----+
|   0|   0|   0|   0|
|   0|   0|   0|   2|
|   0|   4|   0|   0|
|   0|   2|   4|   0|
+----+----+----+----+
+----+----+----+----+
|   0|   4|   4|   2|
|   0|   2|   0|   0|
|   2|   0|   0|   0|
|   0|   0|   0|   0|
+----+----+----+----+
+----+----+----+----+
|   0|   0|   8|   2|
|   0|   0|   2|   2|
|   0|   0|   0|   2|
|   0|   0|   0|   0|
+----+----+----+----+
+----+----+----+----+
|   0|   2|   8|   4|
|   0|   0|   2|   2|
|   0|   0|   0|   0|
|   0|   0|   0|   0|
+----+----+----+----+
+----+----+----+----+
|   0|   2|   8|   4|
|   0|   0|   0|   4|
|   0|   0|   0|   0|
|   0|   2|   0|   0|
+----+----+----+----+
+----+----+----+----+
|   0|   4|   8|   8|
|   0|   0|   0|   0|
|   2|   0|   0|   0|
|   0|   0|   0|   0|
+----+----+----+----+
+----+----+----+----+
|   2|   4|   8|   8|
|   0|   0|   2|   0|
|   0|   0|   0|   0|
|   0|   0|   0|   0|
+----+----+----+----+
+----+----+----+----+
|   2|   4|  16|   0|
|   2|   0|   0|   0|
|   0|   0|   0|   2|
|   0|   0|   0|   0|
+----+----+----+----+
+----+----+----+----+
|   4|   0|   0|   0|
|   0|   0|   0|   0|
|   0|   0|   0|   0|
|   4|   4|  16|   2|
+----+----+----+----+
+----+----+----+----+
|   0|   0|   0|   4|
|   0|   0|   0|   0|
|   0|   0|   0|   2|
|   0|   8|  16|   2|
+----+----+----+----+
+----+----+----+----+
|   2|   0|   0|   0|
|   0|   0|   0|   0|
|   0|   0|   0|   4|
|   0|   8|  16|   4|
+----+----+----+----+
+----+----+----+----+
|   2|   0|   2|   0|
|   0|   0|   0|   0|
|   4|   0|   0|   0|
|   8|  16|   4|   0|
+----+----+----+----+
+----+----+----+----+
|   4|   0|   0|   0|
|   0|   2|   0|   0|
|   4|   0|   0|   0|
|   8|  16|   4|   0|
+----+----+----+----+
+----+----+----+----+
|   8|   2|   4|   0|
|   8|  16|   0|   0|
|   0|   0|   0|   0|
|   2|   0|   0|   0|
+----+----+----+----+
+----+----+----+----+
|   0|   0|   0|   2|
|   0|   0|   0|   0|
|  16|   2|   0|   0|
|   2|  16|   4|   0|
+----+----+----+----+
+----+----+----+----+
|   0|   0|   0|   2|
|   0|   0|   0|   0|
|   0|   0|  16|   2|
|   2|   2|  16|   4|
+----+----+----+----+
+----+----+----+----+
|   2|   2|  32|   4|
|   0|   0|   0|   4|
|   2|   0|   0|   0|
|   0|   0|   0|   0|
+----+----+----+----+
+----+----+----+----+
|   0|   4|  32|   4|
|   0|   0|   0|   4|
|   0|   2|   0|   2|
|   0|   0|   0|   0|
+----+----+----+----+
+----+----+----+----+
|   2|   4|  32|   8|
|   0|   2|   0|   2|
|   0|   0|   0|   0|
|   0|   0|   0|   0|
+----+----+----+----+
+----+----+----+----+
|   0|   0|   0|   0|
|   0|   2|   0|   0|
|   0|   4|   0|   8|
|   2|   2|  32|   2|
+----+----+----+----+
+----+----+----+----+
|   0|   2|   0|   0|
|   2|   0|   0|   0|
|   4|   8|   0|   0|
|   4|  32|   2|   0|
+----+----+----+----+
+----+----+----+----+
|   0|   0|   0|   2|
|   0|   4|   0|   2|
|   0|   0|   4|   8|
|   0|   4|  32|   2|
+----+----+----+----+
+----+----+----+----+
|   0|   0|   0|   2|
|   0|   0|   4|   2|
|   2|   0|   4|   8|
|   0|   4|  32|   2|
+----+----+----+----+
+----+----+----+----+
|   2|   4|   8|   4|
|   0|   0|  32|   8|
|   0|   2|   0|   2|
|   0|   0|   0|   0|
+----+----+----+----+
+----+----+----+----+
|   0|   0|   0|   2|
|   0|   0|   0|   4|
|   0|   4|   8|   8|
|   2|   2|  32|   2|
+----+----+----+----+
+----+----+----+----+
|   0|   0|   0|   2|
|   0|   2|   0|   4|
|   0|   0|   4|  16|
|   0|   4|  32|   2|
+----+----+----+----+
+----+----+----+----+
|   0|   0|   0|   2|
|   0|   0|   2|   4|
|   0|   2|   4|  16|
|   0|   4|  32|   2|
+----+----+----+----+
+----+----+----+----+
|   2|   0|   0|   0|
|   2|   4|   0|   2|
|   2|   4|  16|   0|
|   4|  32|   2|   0|
+----+----+----+----+
+----+----+----+----+
|   2|   2|   0|   0|
|   2|   4|   2|   0|
|   2|   4|  16|   0|
|   4|  32|   2|   0|
+----+----+----+----+
+----+----+----+----+
|   0|   0|   0|   2|
|   2|   2|   2|   0|
|   4|   8|  16|   0|
|   4|  32|   2|   0|
+----+----+----+----+
+----+----+----+----+
|   2|   2|   2|   2|
|   8|   8|  16|   0|
|   0|  32|   2|   0|
|   0|   0|   2|   0|
+----+----+----+----+
+----+----+----+----+
|   2|   2|   2|   2|
|   8|   8|  16|   0|
|   0|  32|   4|   2|
|   0|   0|   0|   0|
+----+----+----+----+
+----+----+----+----+
|   2|   2|   2|   4|
|   8|   8|  16|   0|
|   0|  32|   4|   0|
|   0|   0|   0|   4|
+----+----+----+----+
+----+----+----+----+
|   0|   2|   4|   4|
|   2|   0|  16|  16|
|   0|   0|  32|   4|
|   0|   0|   0|   4|
+----+----+----+----+
+----+----+----+----+
|   2|   2|   4|   4|
|   0|   0|  16|  16|
|   0|   0|  32|   8|
|   0|   0|   0|   4|
+----+----+----+----+
+----+----+----+----+
|   4|   8|   2|   0|
|  32|   0|   0|   0|
|  32|   8|   0|   0|
|   4|   0|   0|   0|
+----+----+----+----+
+----+----+----+----+
|   4|  16|   2|   2|
|  64|   0|   0|   0|
|   4|   0|   0|   0|
|   0|   0|   0|   0|
+----+----+----+----+
+----+----+----+----+
|   4|  16|   4|   0|
|  64|   0|   0|   0|
|   4|   0|   2|   0|
|   0|   0|   0|   0|
+----+----+----+----+
+----+----+----+----+
|   2|   4|  16|   4|
|   0|   0|   0|  64|
|   0|   0|   4|   2|
|   0|   0|   0|   0|
+----+----+----+----+
+----+----+----+----+
|   0|   0|   0|   0|
|   0|   0|   2|   4|
|   0|   0|  16|  64|
|   2|   4|   4|   2|
+----+----+----+----+
+----+----+----+----+
|   0|   2|   0|   0|
|   2|   4|   0|   0|
|  16|  64|   0|   0|
|   2|   8|   2|   0|
+----+----+----+----+
+----+----+----+----+
|   2|   0|   0|   0|
|   2|   4|   2|   0|
|  16|  64|   0|   0|
|   2|   8|   2|   0|
+----+----+----+----+
+----+----+----+----+
|   2|   0|   0|   0|
|   4|   4|   0|   0|
|  16|  64|   0|   0|
|   2|   8|   4|   0|
+----+----+----+----+
+----+----+----+----+
|   2|   0|   2|   0|
|   8|   0|   0|   0|
|  16|  64|   0|   0|
|   2|   8|   4|   0|
+----+----+----+----+
+----+----+----+----+
|   0|   0|   2|   4|
|   0|   0|   0|   8|
|   0|   0|  16|  64|
|   0|   2|   8|   4|
+----+----+----+----+
+----+----+----+----+
|   0|   0|   0|   4|
|   2|   0|   2|   8|
|   0|   0|  16|  64|
|   0|   2|   8|   4|
+----+----+----+----+
+----+----+----+----+
|   0|   0|   0|   4|
|   0|   0|   2|   8|
|   0|   2|  16|  64|
|   2|   2|   8|   4|
+----+----+----+----+
+----+----+----+----+
|   4|   0|   0|   0|
|   2|   8|   0|   0|
|   2|  16|  64|   2|
|   4|   8|   4|   0|
+----+----+----+----+
+----+----+----+----+
|   4|   8|  64|   2|
|   4|  16|   4|   0|
|   4|   8|   0|   4|
|   0|   0|   0|   0|
+----+----+----+----+
+----+----+----+----+
|   8|   8|  64|   2|
|   4|  16|   4|   4|
|   2|   8|   0|   0|
|   0|   0|   0|   0|
+----+----+----+----+
+----+----+----+----+
|   0|  16|  64|   2|
|   0|   4|  16|   8|
|   0|   0|   2|   8|
|   0|   0|   2|   0|
+----+----+----+----+
+----+----+----+----+
|   2|   0|   0|   0|
|   0|   0|  64|   0|
|   0|  16|  16|   2|
|   0|   4|   4|  16|
+----+----+----+----+
+----+----+----+----+
|   0|   0|   0|   4|
|   0|   0|  64|   0|
|   0|  16|  16|   2|
|   2|   4|   4|  16|
+----+----+----+----+
+----+----+----+----+
|   0|   2|   0|   4|
|   0|   0|   0|  64|
|   0|   0|  32|   2|
|   0|   2|   8|  16|
+----+----+----+----+
+----+----+----+----+
|   0|   0|   2|   4|
|   4|   0|   0|  64|
|   0|   0|  32|   2|
|   0|   2|   8|  16|
+----+----+----+----+
+----+----+----+----+
|   0|   0|   0|   4|
|   0|   0|   2|  64|
|   4|   0|  32|   2|
|   4|   2|   8|  16|
+----+----+----+----+
+----+----+----+----+
|   8|   2|   2|   4|
|   0|   0|  32|  64|
|   0|   0|   8|   2|
|   0|   2|   0|  16|
+----+----+----+----+
+----+----+----+----+
|   0|   8|   4|   4|
|   0|   2|  32|  64|
|   0|   0|   8|   2|
|   0|   0|   2|  16|
+----+----+----+----+
+----+----+----+----+
|   0|   0|   4|   4|
|   0|   2|  32|  64|
|   0|   8|   8|   2|
|   0|   2|   2|  16|
+----+----+----+----+
+----+----+----+----+
|   8|   0|   0|   0|
|   2|  32|  64|   0|
|  16|   2|   0|   0|
|   4|  16|   2|   0|
+----+----+----+----+
+----+----+----+----+
|   0|   0|   2|   8|
|   0|   2|  32|  64|
|   0|   0|  16|   2|
|   0|   4|  16|   2|
+----+----+----+----+
+----+----+----+----+
|   0|   0|   0|   0|
|   0|   0|   2|   8|
|   2|   2|  32|  64|
|   0|   4|  32|   4|
+----+----+----+----+
+----+----+----+----+
|   2|   2|   2|   8|
|   0|   4|  64|  64|
|   0|   2|   0|   4|
|   0|   0|   0|   0|
+----+----+----+----+
+----+----+----+----+
|   2|   2|   4|   8|
|   0|   0|   4| 128|
|   0|   0|   2|   4|
|   0|   0|   0|   0|
+----+----+----+----+
+----+----+----+----+
|   2|   2|   8|   8|
|   0|   0|   2| 128|
|   0|   0|   2|   4|
|   0|   0|   0|   0|
+----+----+----+----+
+----+----+----+----+
|   2|   2|   8|   8|
|   0|   0|   4| 128|
|   0|   0|   0|   4|
|   0|   0|   2|   0|
+----+----+----+----+
+----+----+----+----+
|   0|   2|   4|  16|
|   0|   0|   4| 128|
|   0|   0|   0|   4|
|   0|   0|   0|   2|
+----+----+----+----+
+----+----+----+----+
|   2|   2|   8|  16|
|   0|   0|   0| 128|
|   0|   0|   0|   4|
|   0|   0|   0|   2|
+----+----+----+----+
+----+----+----+----+
|   0|   0|   2|  16|
|   0|   0|   0| 128|
|   0|   0|   0|   4|
|   2|   2|   8|   2|
+----+----+----+----+
+----+----+----+----+
|   2|  16|   0|   0|
| 128|   0|   0|   0|
|   4|   0|   0|   2|
|   4|   8|   2|   0|
+----+----+----+----+
+----+----+----+----+
|   0|   0|   0|   0|
|   2|   0|   0|   0|
| 128|  16|   2|   0|
|   8|   8|   2|   2|
+----+----+----+----+
+----+----+----+----+
|   0|   0|   0|   0|
|   0|   0|   0|   2|
|   0| 128|  16|   2|
|   2|   0|  16|   4|
+----+----+----+----+
+----+----+----+----+
|   0|   0|   0|   0|
|   0|   0|   0|   0|
|   0|   0|   2|   4|
|   2| 128|  32|   4|
+----+----+----+----+
+----+----+----+----+
|   0|   2|   0|   0|
|   0|   0|   0|   0|
|   0|   0|   2|   0|
|   2| 128|  32|   8|
+----+----+----+----+
+----+----+----+----+
|   2|   0|   0|   2|
|   0|   0|   0|   0|
|   0|   0|   0|   2|
|   2| 128|  32|   8|
+----+----+----+----+
+----+----+----+----+
|   4|   0|   0|   4|
|   0|   0|   0|   0|
|   0|   0|   0|   2|
|   2| 128|  32|   8|
+----+----+----+----+
+----+----+----+----+
|   4| 128|  32|   4|
|   2|   0|   0|   2|
|   0|   0|   0|   8|
|   0|   0|   2|   0|
+----+----+----+----+
+----+----+----+----+
|   4| 128|  32|   4|
|   0|   0|   0|   4|
|   0|   0|   2|   8|
|   0|   0|   0|   2|
+----+----+----+----+
+----+----+----+----+
|   4| 128|  32|   8|
|   0|   2|   2|   8|
|   0|   0|   0|   2|
|   0|   0|   0|   0|
+----+----+----+----+
+----+----+----+----+
|   4| 128|  32|  16|
|   0|   2|   2|   2|
|   0|   2|   0|   0|
|   0|   0|   0|   0|
+----+----+----+----+
+----+----+----+----+
|   0|   0|   0|   2|
|   0|   0|   0|   0|
|   0| 128|  32|  16|
|   4|   4|   2|   2|
+----+----+----+----+
+----+----+----+----+
|   2|   0|   0|   0|
|   0|   0|   0|   0|
| 128|  32|  16|   0|
|   8|   4|   0|   2|
+----+----+----+----+
+----+----+----+----+
|   2|   0|   0|   0|
|   0|   2|   0|   0|
| 128|  32|  16|   0|
|   8|   4|   2|   0|
+----+----+----+----+
+----+----+----+----+
|   0|   0|   0|   0|
|   2|   2|   0|   0|
| 128|  32|  16|   2|
|   8|   4|   2|   0|
+----+----+----+----+
+----+----+----+----+
|   0|   0|   2|   0|
|   2|   2|   0|   0|
| 128|  32|  16|   0|
|   8|   4|   2|   2|
+----+----+----+----+
+----+----+----+----+
|   0|   0|   0|   0|
|   2|   2|   2|   0|
| 128|  32|  16|   2|
|   8|   4|   2|   2|
+----+----+----+----+
+----+----+----+----+
|   0|   0|   2|   0|
|   4|   2|   0|   0|
| 128|  32|  16|   2|
|   8|   4|   4|   0|
+----+----+----+----+
+----+----+----+----+
|   0|   0|   2|   0|
|   4|   2|   2|   0|
| 128|  32|  16|   0|
|   8|   4|   4|   2|
+----+----+----+----+
+----+----+----+----+
|   4|   2|   4|   2|
| 128|  32|  16|   0|
|   8|   4|   4|   0|
|   0|   0|   2|   0|
+----+----+----+----+
+----+----+----+----+
|   4|   2|   4|   2|
|   0| 128|  32|  16|
|   0|   2|   8|   8|
|   0|   0|   0|   2|
+----+----+----+----+
+----+----+----+----+
|   4|   2|   4|   2|
|   0| 128|  32|  16|
|   0|   2|   2|  16|
|   0|   0|   0|   2|
+----+----+----+----+
+----+----+----+----+
|   0|   0|   0|   2|
|   0|   2|   4|   2|
|   0| 128|  32|  32|
|   4|   2|   2|   2|
+----+----+----+----+
+----+----+----+----+
|   2|   2|   0|   0|
|   2|   4|   2|   0|
| 128|  64|   0|   0|
|   4|   4|   2|   0|
+----+----+----+----+
+----+----+----+----+
|   0|   2|   0|   0|
|   4|   4|   0|   2|
| 128|  64|   0|   0|
|   4|   4|   4|   0|
+----+----+----+----+
+----+----+----+----+
|   0|   0|   0|   2|
|   0|   0|   8|   2|
|   0|   0| 128|  64|
|   0|   4|   4|   8|
+----+----+----+----+
+----+----+----+----+
|   0|   0|   0|   2|
|   0|   2|   8|   2|
|   0|   0| 128|  64|
|   0|   0|   8|   8|
+----+----+----+----+
+----+----+----+----+
|   0|   0|   0|   0|
|   0|   0|   8|   4|
|   0|   0| 128|  64|
|   2|   2|   8|   8|
+----+----+----+----+
+----+----+----+----+
|   0|   2|   0|   0|
|   8|   4|   0|   0|
| 128|  64|   0|   0|
|   4|  16|   0|   0|
+----+----+----+----+
+----+----+----+----+
|   2|   0|   0|   0|
|   8|   4|   2|   0|
| 128|  64|   0|   0|
|   4|  16|   0|   0|
+----+----+----+----+
+----+----+----+----+
|   0|   2|   0|   2|
|   0|   8|   4|   2|
|   0|   0| 128|  64|
|   0|   0|   4|  16|
+----+----+----+----+
+----+----+----+----+
|   0|   2|   4|   4|
|   0|   8| 128|  64|
|   2|   0|   4|  16|
|   0|   0|   0|   0|
+----+----+----+----+
+----+----+----+----+
|   2|   2|   4|   4|
|   0|   8| 128|  64|
|   0|   0|   4|  16|
|   0|   2|   0|   0|
+----+----+----+----+
+----+----+----+----+
|   0|   0|   0|   0|
|   2|   2|   4|   4|
|   0|   8| 128|  64|
|   2|   2|   4|  16|
+----+----+----+----+
+----+----+----+----+
|   0|   0|   0|   0|
|   4|   8|   0|   0|
|   8| 128|  64|   0|
|   4|   4|  16|   2|
+----+----+----+----+
+----+----+----+----+
|   2|   0|   0|   0|
|   4|   8|   0|   0|
|   8| 128|  64|   0|
|   8|  16|   2|   0|
+----+----+----+----+
+----+----+----+----+
|   0|   0|   0|   2|
|   0|   0|   4|   8|
|   4|   8| 128|  64|
|   0|   8|  16|   2|
+----+----+----+----+
+----+----+----+----+
|   2|   2|   0|   0|
|   4|   8|   0|   0|
|   4|   8| 128|  64|
|   8|  16|   2|   0|
+----+----+----+----+
+----+----+----+----+
|   2|   2| 128|  64|
|   8|  16|   2|   0|
|   8|  16|   0|   2|
|   0|   0|   0|   0|
+----+----+----+----+
+----+----+----+----+
|   0|   4| 128|  64|
|   0|   8|  16|   2|
|   0|   8|  16|   2|
|   0|   0|   4|   0|
+----+----+----+----+
+----+----+----+----+
|   2|   4| 128|  64|
|   0|   8|  16|   2|
|   0|   8|  16|   2|
|   0|   0|   0|   4|
+----+----+----+----+
+----+----+----+----+
|   2|   4| 128|  64|
|   0|  16|  32|   4|
|   2|   0|   0|   4|
|   0|   0|   0|   0|
+----+----+----+----+
+----+----+----+----+
|   4|   4| 128|  64|
|   0|  16|  32|   8|
|   0|   0|   0|   0|
|   0|   0|   0|   2|
+----+----+----+----+
+----+----+----+----+
|   4|   4| 128|  64|
|   2|  16|  32|   8|
|   0|   0|   0|   2|
|   0|   0|   0|   0|
+----+----+----+----+
+----+----+----+----+
|   8| 128|  64|   0|
|   2|  16|  32|   8|
|   2|   0|   0|   0|
|   0|   0|   0|   2|
+----+----+----+----+
+----+----+----+----+
|   2|   8| 128|  64|
|   2|  16|  32|   8|
|   0|   0|   0|   2|
|   0|   0|   0|   2|
+----+----+----+----+
+----+----+----+----+
|   4|   8| 128|  64|
|   0|  16|  32|   8|
|   0|   0|   0|   4|
|   0|   2|   0|   0|
+----+----+----+----+
+----+----+----+----+
|   4|   8| 128|  64|
|   2|  16|  32|   8|
|   0|   2|   0|   4|
|   0|   0|   0|   0|
+----+----+----+----+
+----+----+----+----+
|   4|   8| 128|  64|
|   2|  16|  32|   8|
|   2|   4|   2|   0|
|   0|   0|   0|   0|
+----+----+----+----+
+----+----+----+----+
|   4|   8| 128|  64|
|   4|  16|  32|   8|
|   0|   4|   2|   0|
|   0|   2|   0|   0|
+----+----+----+----+
+----+----+----+----+
|   4|   8| 128|  64|
|   4|  16|  32|   8|
|   0|   0|   4|   2|
|   0|   0|   2|   2|
+----+----+----+----+
+----+----+----+----+
|   8|   8| 128|  64|
|   0|  16|  32|   8|
|   2|   0|   4|   4|
|   0|   0|   2|   0|
+----+----+----+----+
+----+----+----+----+
|  16| 128|  64|   0|
|  16|  32|   8|   0|
|   2|   8|   0|   2|
|   2|   0|   0|   0|
+----+----+----+----+
+----+----+----+----+
|   0|   0|   2|   0|
|   0| 128|   0|   0|
|  32|  32|  64|   0|
|   4|   8|   8|   2|
+----+----+----+----+
+----+----+----+----+
|   0|   0|   0|   2|
|   0| 128|   2|   0|
|  32|  32|  64|   0|
|   4|   8|   8|   2|
+----+----+----+----+
+----+----+----+----+
|   2|   0|   0|   2|
|   0|   0| 128|   2|
|   0|   0|  64|  64|
|   0|   4|  16|   2|
+----+----+----+----+
+----+----+----+----+
|   4|   0|   0|   2|
| 128|   2|   0|   0|
| 128|   0|   0|   0|
|   4|  16|   2|   0|
+----+----+----+----+
+----+----+----+----+
|   0|   0|   4|   2|
|   0|   0| 128|   2|
|   2|   0|   0| 128|
|   0|   4|  16|   2|
+----+----+----+----+
+----+----+----+----+
|   0|   0|   4|   2|
|   0|   2| 128|   2|
|   0|   0|   2| 128|
|   0|   4|  16|   2|
+----+----+----+----+
+----+----+----+----+
|   0|   2|   4|   4|
|   2|   4| 128| 128|
|   0|   0|   2|   2|
|   0|   0|  16|   0|
+----+----+----+----+
+----+----+----+----+
|   2|   2|   4|   4|
|   0|   4| 128| 128|
|   0|   0|   2|   2|
|   2|   0|  16|   0|
+----+----+----+----+
+----+----+----+----+
|   0|   0|   4|   8|
|   0|   0|   4| 256|
|   0|   0|   0|   4|
|   2|   0|   2|  16|
+----+----+----+----+
+----+----+----+----+
|   4|   8|   0|   0|
|   4| 256|   0|   0|
|   4|   0|   0|   2|
|   4|  16|   0|   0|
+----+----+----+----+
+----+----+----+----+
|   0|   0|   0|   2|
|   0|   8|   0|   0|
|   8| 256|   0|   0|
|   8|  16|   0|   2|
+----+----+----+----+
+----+----+----+----+
|  16|   8|   0|   4|
|   0| 256|   0|   0|
|   0|  16|   0|   2|
|   0|   0|   0|   0|
+----+----+----+----+
+----+----+----+----+
|   0|   0|   0|   2|
|   0|   8|   0|   0|
|   0| 256|   0|   4|
|  16|  16|   0|   2|
+----+----+----+----+
+----+----+----+----+
|   0|   0|   0|   0|
|   0|   8|   0|   2|
|   0| 256|   0|   4|
|  16|  16|   4|   2|
+----+----+----+----+
+----+----+----+----+
|   0|   0|   2|   0|
|   8|   2|   0|   0|
| 256|   4|   0|   0|
|  32|   4|   2|   0|
+----+----+----+----+
+----+----+----+----+
|   2|   2|   0|   0|
|   8|   2|   0|   0|
| 256|   4|   0|   0|
|  32|   4|   2|   0|
+----+----+----+----+
+----+----+----+----+
|   2|   4|   2|   0|
|   8|   8|   0|   0|
| 256|   0|   0|   0|
|  32|   0|   2|   0|
+----+----+----+----+
+----+----+----+----+
|   2|   4|   4|   0|
|   8|   8|   0|   0|
| 256|   2|   0|   0|
|  32|   0|   0|   0|
+----+----+----+----+
+----+----+----+----+
|   2|   8|   0|   0|
|  16|   0|   0|   2|
| 256|   2|   0|   0|
|  32|   0|   0|   0|
+----+----+----+----+
+----+----+----+----+
|   2|   8|   0|   2|
|  16|   2|   0|   0|
| 256|   2|   0|   0|
|  32|   0|   0|   0|
+----+----+----+----+
+----+----+----+----+
|   2|   8|   0|   2|
|  16|   4|   0|   0|
| 256|   0|   0|   0|
|  32|   0|   0|   2|
+----+----+----+----+
+----+----+----+----+
|   2|   0|   0|   0|
|  16|   0|   0|   0|
| 256|   8|   0|   2|
|  32|   4|   0|   4|
+----+----+----+----+
+----+----+----+----+
|   2|   0|   0|   0|
|  16|   0|   0|   2|
| 256|   8|   2|   0|
|  32|   8|   0|   0|
+----+----+----+----+
+----+----+----+----+
|   2|   0|   0|   0|
|  16|   2|   2|   0|
| 256|   8|   2|   0|
|  32|   8|   0|   0|
+----+----+----+----+
+----+----+----+----+
|   2|   0|   0|   0|
|  16|   4|   2|   0|
| 256|   8|   2|   0|
|  32|   8|   0|   0|
+----+----+----+----+
+----+----+----+----+
|   2|   4|   4|   0|
|  16|  16|   0|   0|
| 256|   0|   2|   0|
|  32|   0|   0|   0|
+----+----+----+----+
+----+----+----+----+
|   2|   8|   0|   2|
|  32|   0|   0|   0|
| 256|   2|   0|   0|
|  32|   0|   0|   0|
+----+----+----+----+
+----+----+----+----+
|   2|   8|   0|   2|
|  32|   2|   2|   0|
| 256|   0|   0|   0|
|  32|   0|   0|   0|
+----+----+----+----+
+----+----+----+----+
|   2|   8|   2|   0|
|  32|   4|   0|   0|
| 256|   0|   0|   2|
|  32|   0|   0|   0|
+----+----+----+----+
+----+----+----+----+
|   2|   8|   2|   2|
|  32|   4|   0|   0|
| 256|   0|   0|   2|
|  32|   0|   0|   0|
+----+----+----+----+
+----+----+----+----+
|   2|   8|   2|   4|
|  32|   4|   0|   0|
| 256|   2|   0|   0|
|  32|   0|   0|   0|
+----+----+----+----+
+----+----+----+----+
|   2|   0|   0|   0|
|  32|   8|   0|   2|
| 256|   4|   0|   0|
|  32|   2|   2|   4|
+----+----+----+----+
+----+----+----+----+
|   0|   0|   0|   2|
|   2|  32|   8|   2|
|   0|   0| 256|   4|
|   0|  32|   4|   4|
+----+----+----+----+
+----+----+----+----+
|   2|   0|   0|   0|
|   2|  32|   8|   2|
| 256|   4|   2|   0|
|  32|   8|   0|   0|
+----+----+----+----+
+----+----+----+----+
|   0|   0|   0|   0|
|   4|  32|   0|   4|
| 256|   4|   8|   0|
|  32|   8|   2|   2|
+----+----+----+----+
+----+----+----+----+
|   0|   0|   0|   2|
|   4|  32|   0|   0|
| 256|   4|   8|   4|
|  32|   8|   2|   2|
+----+----+----+----+
+----+----+----+----+
|   0|   0|   2|   2|
|   0|   0|   4|  32|
| 256|   4|   8|   4|
|   0|  32|   8|   4|
+----+----+----+----+
+----+----+----+----+
| 256|   4|   2|   2|
|   2|  32|   4|  32|
|   0|   0|  16|   8|
|   0|   0|   0|   0|
+----+----+----+----+
+----+----+----+----+
| 256|   4|   4|   0|
|   2|  32|   4|  32|
|  16|   8|   0|   2|
|   0|   0|   0|   0|
+----+----+----+----+
+----+----+----+----+
| 256|   4|   8|  32|
|   2|  32|   0|   2|
|  16|   8|   0|   0|
|   0|   0|   2|   0|
+----+----+----+----+
+----+----+----+----+
|   0|   0|   2|   0|
| 256|   4|   0|   0|
|   2|  32|   8|  32|
|  16|   8|   2|   2|
+----+----+----+----+
+----+----+----+----+
|   2|   0|   0|   0|
| 256|   4|   0|   4|
|   2|  32|   8|  32|
|  16|   8|   4|   0|
+----+----+----+----+
+----+----+----+----+
|   2|   0|   0|   2|
| 256|   8|   0|   0|
|   2|  32|   8|  32|
|  16|   8|   4|   0|
+----+----+----+----+
+----+----+----+----+
|   4|   0|   0|   0|
| 256|   8|   2|   0|
|   2|  32|   8|  32|
|  16|   8|   4|   0|
+----+----+----+----+
+----+----+----+----+
|   0|   0|   0|   4|
|   2| 256|   8|   2|
|   2|  32|   8|  32|
|   0|  16|   8|   4|
+----+----+----+----+
+----+----+----+----+
|   2|   0|   0|   4|
|   0| 256|   0|   2|
|   0|  32|   8|  32|
|   4|  16|  16|   4|
+----+----+----+----+
+----+----+----+----+
|   0|   0|   0|   4|
|   0| 256|   2|   2|
|   2|  32|   8|  32|
|   4|  16|  16|   4|
+----+----+----+----+
+----+----+----+----+
|   0|   2|   0|   4|
|   0|   0| 256|   4|
|   2|  32|   8|  32|
|   0|   4|  32|   4|
+----+----+----+----+
+----+----+----+----+
|   2|   2| 256|   8|
|   0|  32|   8|  32|
|   0|   4|  32|   4|
|   0|   0|   2|   0|
+----+----+----+----+
+----+----+----+----+
|   0|   2| 256|   0|
|   0|   2|   8|   8|
|   0|  32|  32|  32|
|   2|   4|   2|   4|
+----+----+----+----+
+----+----+----+----+
|   2|   0| 256|   0|
|   0|   4|   8|   8|
|   0|  32|  32|  32|
|   2|   4|   2|   4|
+----+----+----+----+
+----+----+----+----+
|   4|   4| 256|   8|
|   0|  32|   8|  32|
|   0|   4|  32|   4|
|   2|   0|   2|   0|
+----+----+----+----+
+----+----+----+----+
|   8| 256|   8|   2|
|  32|   8|  32|   0|
|   4|  32|   4|   0|
|   4|   0|   0|   0|
+----+----+----+----+
+----+----+----+----+
|   8| 256|   8|   2|
|  32|   8|  32|   0|
|   8|  32|   4|   0|
|   0|   0|   2|   0|
+----+----+----+----+
+----+----+----+----+
|   0|   0|   8|   0|
|   8| 256|  32|   2|
|  32|   8|   4|   0|
|   8|  32|   2|   2|
+----+----+----+----+
+----+----+----+----+
|   8|   0|   0|   0|
|   8| 256|  32|   2|
|  32|   8|   4|   0|
|   8|  32|   4|   2|
+----+----+----+----+
+----+----+----+----+
|   0|   0|   0|   2|
|  16| 256|   0|   0|
|  32|   8|  32|   0|
|   8|  32|   8|   4|
+----+----+----+----+
+----+----+----+----+
|   2|   2|   0|   0|
|  16| 256|   0|   0|
|  32|   8|  32|   0|
|   8|  32|   8|   4|
+----+----+----+----+
+----+----+----+----+
|   0|   0|   0|   4|
|   2|   0|  16| 256|
|   0|  32|   8|  32|
|   8|  32|   8|   4|
+----+----+----+----+
+----+----+----+----+
|   2|  64|  16|   4|
|   8|   0|  16| 256|
|   0|   2|   0|  32|
|   0|   0|   0|   4|
+----+----+----+----+
+----+----+----+----+
|   2|  64|  32|   4|
|   8|   2|   0| 256|
|   0|   2|   0|  32|
|   0|   0|   0|   4|
+----+----+----+----+
+----+----+----+----+
|   2|  64|  32|   4|
|   0|   8|   2| 256|
|   0|   2|   2|  32|
|   0|   0|   0|   4|
+----+----+----+----+
+----+----+----+----+
|   0|   0|   0|   4|
|   2|  64|   0| 256|
|   0|   8|  32|  32|
|   2|   2|   4|   4|
+----+----+----+----+
+----+----+----+----+
|   4|   0|   0|   0|
|   2|  64| 256|   0|
|   8|  64|   2|   0|
|   4|   8|   0|   0|
+----+----+----+----+
+----+----+----+----+
|   4| 128| 256|   2|
|   2|   8|   2|   0|
|   8|   0|   0|   0|
|   4|   0|   0|   0|
+----+----+----+----+
+----+----+----+----+
|   4| 128| 256|   2|
|   0|   2|   8|   2|
|   0|   2|   0|   8|
|   0|   0|   0|   4|
+----+----+----+----+
+----+----+----+----+
|   4| 128| 256|   4|
|   0|   4|   8|   8|
|   0|   0|   4|   4|
|   0|   0|   0|   0|
+----+----+----+----+
+----+----+----+----+
|   4| 128| 256|   4|
|   4|  16|   0|   0|
|   8|   0|   2|   0|
|   0|   0|   0|   0|
+----+----+----+----+
+----+----+----+----+
|   8| 128| 256|   4|
|   8|  16|   2|   0|
|   0|   0|   0|   0|
|   0|   2|   0|   0|
+----+----+----+----+
+----+----+----+----+
|   8| 128| 256|   4|
|   0|   8|  16|   2|
|   4|   0|   0|   0|
|   0|   0|   0|   2|
+----+----+----+----+
+----+----+----+----+
|   0|   0|   0|   2|
|   0|   0|   0|   0|
|   8| 128| 256|   4|
|   4|   8|  16|   4|
+----+----+----+----+
+----+----+----+----+
|   2|   0|   0|   0|
|   2|   0|   0|   0|
|   8| 128| 256|   4|
|   4|   8|  16|   4|
+----+----+----+----+
+----+----+----+----+
|   4| 128| 256|   8|
|   8|   8|  16|   0|
|   4|   2|   0|   0|
|   0|   0|   0|   0|
+----+----+----+----+
+----+----+----+----+
|   4| 128| 256|   8|
|   0|   0|  16|  16|
|   0|   0|   4|   2|
|   0|   0|   2|   0|
+----+----+----+----+
+----+----+----+----+
|   4| 128| 256|   8|
|   2|   0|   0|  32|
|   0|   0|   4|   2|
|   0|   0|   0|   2|
+----+----+----+----+
+----+----+----+----+
|   4| 128| 256|   8|
|   2|   0|   4|  32|
|   0|   0|   0|   4|
|   2|   0|   0|   0|
+----+----+----+----+
+----+----+----+----+
|   4| 128| 256|   8|
|   4|   0|   4|  32|
|   0|   0|   0|   4|
|   0|   2|   0|   0|
+----+----+----+----+
+----+----+----+----+
|   8| 128| 256|   8|
|   0|   2|   4|  32|
|   2|   0|   0|   4|
|   0|   0|   0|   0|
+----+----+----+----+
+----+----+----+----+
|   8| 128| 256|   8|
|   2|   2|   4|  32|
|   0|   0|   0|   4|
|   0|   2|   0|   0|
+----+----+----+----+
+----+----+----+----+
|   8| 128| 256|   8|
|   2|   4|   4|  32|
|   0|   0|   0|   4|
|   0|   0|   0|   2|
+----+----+----+----+
+----+----+----+----+
|   8| 128| 256|   8|
|   0|   2|   8|  32|
|   0|   2|   0|   4|
|   0|   0|   0|   2|
+----+----+----+----+
+----+----+----+----+
|   8| 128| 256|   8|
|   0|   4|   8|  32|
|   0|   0|   0|   4|
|   0|   2|   0|   2|
+----+----+----+----+
+----+----+----+----+
|   8| 128| 256|   8|
|   2|   4|   8|  32|
|   0|   0|   0|   4|
|   0|   0|   0|   4|
+----+----+----+----+
+----+----+----+----+
|   8| 128| 256|   8|
|   2|   4|   8|  32|
|   0|   2|   0|   8|
|   0|   0|   0|   0|
+----+----+----+----+
+----+----+----+----+
|   0|   0|   0|   0|
|   2| 128|   0|   8|
|   8|   4| 256|  32|
|   2|   2|   8|   8|
+----+----+----+----+
+----+----+----+----+
|   0|   0|   2|   0|
|   0|   2| 128|   8|
|   8|   4| 256|  32|
|   0|   0|   4|  16|
+----+----+----+----+
+----+----+----+----+
|   2|   0|   2|   0|
|   0|   0| 128|   8|
|   0|   2| 256|  32|
|   8|   4|   4|  16|
+----+----+----+----+
+----+----+----+----+
|   2|   0|   2|   0|
|   0|   0| 128|   8|
|   2|   2| 256|  32|
|   8|   4|   4|  16|
+----+----+----+----+
+----+----+----+----+
|   0|   0|   0|   4|
|   2|   0| 128|   8|
|   0|   4| 256|  32|
|   0|   8|   8|  16|
+----+----+----+----+
+----+----+----+----+
|   0|   0|   0|   4|
|   0|   2| 128|   8|
|   0|   4| 256|  32|
|   2|   8|   8|  16|
+----+----+----+----+
+----+----+----+----+
|   2|   2| 128|   4|
|   0|   4| 256|   8|
|   0|   8|   8|  32|
|   0|   0|   2|  16|
+----+----+----+----+
+----+----+----+----+
|   0|   4| 128|   4|
|   0|   4| 256|   8|
|   0|   0|  16|  32|
|   0|   2|   2|  16|
+----+----+----+----+
+----+----+----+----+
|   0|   0| 128|   4|
|   0|   2| 256|   8|
|   0|   8|  16|  32|
|   0|   2|   2|  16|
+----+----+----+----+
+----+----+----+----+
| 128|   4|   0|   0|
|   2| 256|   8|   0|
|   8|  16|  32|   0|
|   4|  16|   2|   0|
+----+----+----+----+
+----+----+----+----+
|   0|   2| 128|   4|
|   0|   2| 256|   8|
|   0|   8|  16|  32|
|   0|   4|  16|   2|
+----+----+----+----+
+----+----+----+----+
|   0|   0|   0|   4|
|   0|   4| 128|   8|
|   2|   8| 256|  32|
|   0|   4|  32|   2|
+----+----+----+----+
+----+----+----+----+
|   0|   0|   2|   4|
|   0|   4| 128|   8|
|   0|   8| 256|  32|
|   2|   4|  32|   2|
+----+----+----+----+
+----+----+----+----+
|   2|   4|   2|   4|
|   2|   8| 128|   8|
|   0|   4| 256|  32|
|   0|   0|  32|   2|
+----+----+----+----+
+----+----+----+----+
|   4|   4|   2|   4|
|   0|   8| 128|   8|
|   0|   4| 256|  32|
|   0|   2|  32|   2|
+----+----+----+----+
+----+----+----+----+
|   8|   2|   4|   0|
|   8| 128|   8|   2|
|   4| 256|  32|   0|
|   2|  32|   2|   0|
+----+----+----+----+
+----+----+----+----+
|   0|   2|   4|   2|
|  16| 128|   8|   0|
|   4| 256|  32|   0|
|   2|  32|   2|   2|
+----+----+----+----+
+----+----+----+----+
|  16|   2|   4|   4|
|   4| 128|   8|   0|
|   2| 256|  32|   2|
|   0|  32|   2|   0|
+----+----+----+----+
+----+----+----+----+
|  16|   2|   4|   4|
|   4| 128|   8|   2|
|   2| 256|  32|   0|
|   2|  32|   2|   0|
+----+----+----+----+
+----+----+----+----+
|   0|   2|   4|   0|
|  16| 128|   8|   2|
|   4| 256|  32|   4|
|   4|  32|   2|   2|
+----+----+----+----+
+----+----+----+----+
|   2|   2|   4|   0|
|   0| 128|   8|   2|
|  16| 256|  32|   4|
|   8|  32|   2|   2|
+----+----+----+----+
+----+----+----+----+
|   0|   2|   4|   4|
|   0| 128|   8|   2|
|  16| 256|  32|   4|
|   0|   8|  32|   4|
+----+----+----+----+
+----+----+----+----+
|   2|   8|   0|   0|
| 128|   8|   2|   2|
|  16| 256|  32|   4|
|   8|  32|   4|   0|
+----+----+----+----+
+----+----+----+----+
|   2|  16|   2|   2|
| 128| 256|  32|   4|
|  16|  32|   4|   2|
|   8|   0|   0|   0|
+----+----+----+----+
+----+----+----+----+
|   2|  16|   4|   2|
| 128| 256|  32|   4|
|  16|  32|   4|   2|
|   8|   0|   0|   0|
+----+----+----+----+
+----+----+----+----+
|   2|  16|   4|   2|
| 128| 256|  32|   4|
|  16|  32|   4|   2|
|   0|   2|   0|   8|
+----+----+----+----+
+----+----+----+----+
|   2|  16|   0|   2|
|   2| 256|   4|   4|
| 128|  32|  32|   2|
|  16|   2|   4|   8|
+----+----+----+----+
+----+----+----+----+
|   2|   2|  16|   2|
|   0|   2| 256|   8|
|   0| 128|  64|   2|
|  16|   2|   4|   8|
+----+----+----+----+
+----+----+----+----+
|   0|   2|  16|   2|
|   0|   4| 256|   8|
|   2| 128|  64|   2|
|  16|   2|   4|   8|
+----+----+----+----+
+----+----+----+----+
|   2|   2|  16|   2|
|  16|   4| 256|   8|
|   2| 128|  64|   2|
|   0|   2|   4|   8|
+----+----+----+----+
+----+----+----+----+
|   4|  16|   2|   2|
|  16|   4| 256|   8|
|   2| 128|  64|   2|
|   2|   4|   8|   0|
+----+----+----+----+
+----+----+----+----+
|   2|  16|   2|   0|
|   4|   4| 256|   2|
|  16| 128|  64|   8|
|   4|   4|   8|   2|
+----+----+----+----+
+----+----+----+----+
|   2|  16|   2|   2|
|   8| 256|   2|   0|
|  16| 128|  64|   8|
|   8|   8|   2|   0|
+----+----+----+----+
+----+----+----+----+
|   2|  16|   4|   2|
|   8| 256|  64|   8|
|  16| 128|   2|   0|
|   8|   8|   0|   2|
+----+----+----+----+
+----+----+----+----+
|   2|  16|   4|   2|
|   8| 256|  64|   8|
|  16| 128|   2|   2|
|   8|   8|   0|   4|
+----+----+----+----+
+----+----+----+----+
|   2|  16|   4|   2|
|   8| 256|  64|   8|
|  16| 128|   4|   0|
|  16|   4|   2|   0|
+----+----+----+----+
+----+----+----+----+
|   0|  16|   4|   0|
|   2| 256|  64|   2|
|   8| 128|   4|   2|
|  32|   4|   2|   8|
+----+----+----+----+
+----+----+----+----+
|   0|   2|  16|   4|
|   2| 256|  64|   2|
|   8| 128|   4|   2|
|  32|   4|   2|   8|
+----+----+----+----+
+----+----+----+----+
|   2|   2|  16|   4|
|   8| 256|  64|   4|
|  32| 128|   4|   8|
|   2|   4|   2|   0|
+----+----+----+----+
+----+----+----+----+
|   2|   2|  16|   8|
|   8| 256|  64|   8|
|  32| 128|   4|   2|
|   2|   4|   2|   0|
+----+----+----+----+
+----+----+----+----+
|   2|   4|  16|   8|
|   8| 256|  64|   8|
|  32| 128|   4|   2|
|   0|   2|   4|   2|
+----+----+----+----+
+----+----+----+----+
|   2|   4|  16|  16|
|   8| 256|  64|   4|
|  32| 128|   8|   0|
|   0|   2|   2|   0|
+----+----+----+----+
+----+----+----+----+
|   0|   2|   4|  32|
|   8| 256|  64|   4|
|   0|  32| 128|   8|
|   0|   4|   0|   4|
+----+----+----+----+
+----+----+----+----+
|   0|   2|   4|  32|
|   8| 256|  64|   4|
|   0|  32| 128|   8|
|   0|   0|   4|   8|
+----+----+----+----+
+----+----+----+----+
|   8|   2|   4|  32|
|   0| 256|  64|   4|
|   0|  32| 128|  16|
|   0|   2|   4|   0|
+----+----+----+----+
+----+----+----+----+
|   8|   2|   4|  32|
| 256|  64|   4|   0|
|  32| 128|  16|   2|
|   2|   4|   0|   0|
+----+----+----+----+
+----+----+----+----+
|   8|   2|   2|   0|
| 256|  64|   0|   0|
|  32| 128|   8|  32|
|   2|   4|  16|   2|
+----+----+----+----+
+----+----+----+----+
|   8|   4|   0|   0|
| 256|  64|   2|   0|
|  32| 128|   8|  32|
|   2|   4|  16|   2|
+----+----+----+----+
+----+----+----+----+
|   8|   4|   2|  32|
| 256|  64|   8|   2|
|  32| 128|  16|   0|
|   2|   4|   0|   2|
+----+----+----+----+
+----+----+----+----+
|   8|   4|   0|   2|
| 256|  64|   2|   0|
|  32| 128|   8|  32|
|   2|   4|  16|   4|
+----+----+----+----+
+----+----+----+----+
|   8|   4|   0|   2|
| 256|  64|   2|   2|
|  32| 128|   8|  32|
|   2|   4|  16|   4|
+----+----+----+----+
+----+----+----+----+
|   8|   4|   2|   0|
| 256|  64|   4|   2|
|  32| 128|   8|  32|
|   2|   4|  16|   4|
+----+----+----+----+
+----+----+----+----+
|   2|   8|   4|   2|
| 256|  64|   4|   2|
|  32| 128|   8|  32|
|   2|   4|  16|   4|
+----+----+----+----+
+----+----+----+----+
|   2|   8|   8|   4|
| 256|  64|   8|  32|
|  32| 128|  16|   4|
|   2|   4|   0|   2|
+----+----+----+----+
+----+----+----+----+
|   2|   8|   2|   4|
| 256|  64|   0|  32|
|  32| 128|  16|   4|
|   2|   4|  16|   2|
+----+----+----+----+
+----+----+----+----+
|   2|   8|   2|   4|
| 256|  64|  32|  32|
|  32| 128|   0|   4|
|   2|   4|   2|   2|
+----+----+----+----+
+----+----+----+----+
|   2|   8|   2|   4|
| 256|  64|  64|   2|
|  32| 128|   4|   0|
|   2|   4|   4|   0|
+----+----+----+----+
+----+----+----+----+
|   2|   8|   2|   4|
| 256| 128|   2|   0|
|  32| 128|   4|   4|
|   2|   8|   0|   0|
+----+----+----+----+
+----+----+----+----+
|   2|   8|   2|   4|
| 256| 128|   2|   0|
|  32| 128|   8|   0|
|   2|   8|   2|   0|
+----+----+----+----+
+----+----+----+----+
|   2|   8|   2|   4|
|   0| 256| 128|   2|
|   2|  32| 128|   8|
|   0|   2|   8|   2|
+----+----+----+----+
+----+----+----+----+
|   0|   8|   2|   4|
|   0| 256|   2|   2|
|   0|  32| 256|   8|
|   4|   2|   8|   2|
+----+----+----+----+
+----+----+----+----+
|   2|   8|   0|   4|
|   0| 256|   4|   2|
|   0|  32| 256|   8|
|   4|   2|   8|   2|
+----+----+----+----+
+----+----+----+----+
|   2|   8|   4|   4|
|   4| 256| 256|   2|
|   2|  32|   8|   8|
|   0|   2|   0|   2|
+----+----+----+----+
+----+----+----+----+
|   0|   2|   8|   8|
|   0|   4| 512|   2|
|   2|   2|  32|  16|
|   0|   0|   0|   4|
+----+----+----+----+
+----+----+----+----+
|   0|   0|   2|  16|
|   0|   4| 512|   2|
|   0|   4|  32|  16|
|   0|   0|   2|   4|
+----+----+----+----+
+----+----+----+----+
|   0|   0|   2|  16|
|   0|   0| 512|   2|
|   0|   0|  32|  16|
|   2|   8|   2|   4|
+----+----+----+----+
+----+----+----+----+
|   2|  16|   0|   2|
| 512|   2|   0|   0|
|  32|  16|   0|   0|
|   2|   8|   2|   4|
+----+----+----+----+
+----+----+----+----+
|   2|  16|   2|   2|
| 512|   2|   0|   4|
|  32|  16|   0|   2|
|   2|   8|   0|   0|
+----+----+----+----+
+----+----+----+----+
|   2|  16|   4|   0|
| 512|   2|   4|   2|
|  32|  16|   2|   0|
|   2|   8|   0|   0|
+----+----+----+----+
+----+----+----+----+
|   2|  16|   0|   0|
| 512|   2|   0|   2|
|  32|  16|   8|   0|
|   2|   8|   2|   2|
+----+----+----+----+
+----+----+----+----+
|   2|  16|   0|   0|
| 512|   4|   0|   2|
|  32|  16|   8|   0|
|   2|   8|   4|   0|
+----+----+----+----+
+----+----+----+----+
|   2|  16|   0|   2|
| 512|   4|   0|   0|
|  32|  16|   8|   0|
|   2|   8|   4|   2|
+----+----+----+----+
+----+----+----+----+
|   2|  16|   0|   0|
| 512|   4|   0|   2|
|  32|  16|   8|   0|
|   2|   8|   4|   4|
+----+----+----+----+
+----+----+----+----+
|   2|  16|   0|   2|
| 512|   4|   2|   0|
|  32|  16|   8|   0|
|   2|   8|   8|   0|
+----+----+----+----+
+----+----+----+----+
|   2|  16|   2|   0|
| 512|   4|   2|   0|
|  32|  16|   8|   2|
|   2|  16|   0|   0|
+----+----+----+----+
+----+----+----+----+
|   2|   2|   0|   0|
| 512|  16|   0|   0|
|  32|   4|   4|   0|
|   2|  32|   8|   2|
+----+----+----+----+
+----+----+----+----+
|   0|   0|   0|   4|
|   0|   0| 512|  16|
|   2|   0|  32|   8|
|   2|  32|   8|   2|
+----+----+----+----+
+----+----+----+----+
|   0|   0|   0|   4|
|   0|   0| 512|  16|
|   2|   0|  32|   8|
|   4|  32|   8|   2|
+----+----+----+----+
+----+----+----+----+
|   2|  32| 512|   4|
|   4|   0|  32|  16|
|   0|   2|   8|   8|
|   0|   0|   0|   2|
+----+----+----+----+
+----+----+----+----+
|   2|  32| 512|   4|
|   4|   2|  32|  16|
|   4|   0|   8|   8|
|   0|   0|   0|   2|
+----+----+----+----+
+----+----+----+----+
|   2|  32| 512|   4|
|   4|   2|  32|  16|
|   0|   2|   4|  16|
|   0|   0|   0|   2|
+----+----+----+----+
+----+----+----+----+
|   2|  32| 512|   4|
|   4|   4|  32|  32|
|   4|   0|   4|   2|
|   0|   0|   0|   0|
+----+----+----+----+
+----+----+----+----+
|   2|  32| 512|   4|
|   0|   0|   8|  64|
|   0|   0|   8|   2|
|   0|   2|   0|   0|
+----+----+----+----+
+----+----+----+----+
|   2|  32| 512|   4|
|   0|   2|  16|  64|
|   0|   0|   2|   2|
|   0|   0|   0|   0|
+----+----+----+----+
+----+----+----+----+
|   2|  32| 512|   4|
|   2|  16|  64|   0|
|   4|   0|   0|   0|
|   0|   2|   0|   0|
+----+----+----+----+
+----+----+----+----+
|   2|  32| 512|   4|
|   2|  16|  64|   0|
|   4|   2|   0|   0|
|   2|   0|   0|   0|
+----+----+----+----+
+----+----+----+----+
|   0|   0|   0|   0|
|   4|  32|   0|   2|
|   4|  16| 512|   0|
|   2|   2|  64|   4|
+----+----+----+----+
+----+----+----+----+
|   0|   0|   0|   0|
|   4|   4|  32|   2|
|   0|   4|  16| 512|
|   0|   4|  64|   4|
+----+----+----+----+
+----+----+----+----+
|   0|   2|   0|   0|
|   0|   8|  32|   2|
|   0|   4|  16| 512|
|   0|   4|  64|   4|
+----+----+----+----+
+----+----+----+----+
|   0|   2|  32|   2|
|   4|   8|  16| 512|
|   0|   8|  64|   4|
|   0|   0|   0|   0|
+----+----+----+----+
+----+----+----+----+
|   4|   2|  32|   2|
|   0|  16|  16| 512|
|   0|   0|  64|   4|
|   0|   0|   4|   0|
+----+----+----+----+
+----+----+----+----+
|   4|   2|  32|   2|
|   0|   0|  32| 512|
|   0|   0|  64|   4|
|   0|   0|   2|   4|
+----+----+----+----+
+----+----+----+----+
|   4|   2|  64|   2|
|   0|   0|  64| 512|
|   0|   0|   2|   8|
|   2|   0|   0|   0|
+----+----+----+----+
+----+----+----+----+
|   4|   2| 128|   2|
|   2|   0|   2| 512|
|   0|   0|   4|   8|
|   0|   0|   0|   0|
+----+----+----+----+
+----+----+----+----+
|   0|   0|   0|   0|
|   0|   0| 128|   2|
|   4|   2|   2| 512|
|   2|   2|   4|   8|
+----+----+----+----+
+----+----+----+----+
|   4|   4| 128|   2|
|   2|   0|   2| 512|
|   0|   2|   4|   8|
|   0|   0|   0|   0|
+----+----+----+----+
+----+----+----+----+
|   4|   4| 128|   2|
|   2|   2|   2| 512|
|   0|   0|   4|   8|
|   0|   2|   0|   0|
+----+----+----+----+
+----+----+----+----+
|   8| 128|   2|   0|
|   4|   2| 512|   0|
|   4|   8|   2|   0|
|   2|   0|   0|   0|
+----+----+----+----+
+----+----+----+----+
|   0|   8| 128|   2|
|   0|   4|   2| 512|
|   0|   4|   8|   2|
|   0|   0|   2|   2|
+----+----+----+----+
+----+----+----+----+
|   0|   8| 128|   2|
|   0|   4|   2| 512|
|   0|   4|   8|   2|
|   2|   0|   0|   4|
+----+----+----+----+
+----+----+----+----+
|   0|   0|   0|   2|
|   2|   0| 128| 512|
|   0|   8|   2|   2|
|   2|   8|   8|   4|
+----+----+----+----+
+----+----+----+----+
|   0|   0|   0|   2|
|   0|   2| 128| 512|
|   2|   0|   8|   4|
|   0|   2|  16|   4|
+----+----+----+----+
+----+----+----+----+
|   0|   4|   0|   2|
|   0|   2| 128| 512|
|   0|   2|   8|   4|
|   0|   2|  16|   4|
+----+----+----+----+
+----+----+----+----+
|   0|   2|   4|   2|
|   0|   2| 128| 512|
|   0|   2|   8|   4|
|   0|   2|  16|   4|
+----+----+----+----+
+----+----+----+----+
|   0|   0|   4|   0|
|   0|   0| 128|   2|
|   2|   4|   8| 512|
|   0|   4|  16|   8|
+----+----+----+----+
+----+----+----+----+
|   4|   2|   0|   0|
| 128|   2|   0|   0|
|   2|   4|   8| 512|
|   4|  16|   8|   0|
+----+----+----+----+
+----+----+----+----+
|   0|   0|   4|   2|
|   0|   2| 128|   2|
|   2|   4|   8| 512|
|   0|   4|  16|   8|
+----+----+----+----+
+----+----+----+----+
|   2|   2|   4|   4|
|   2|   8| 128| 512|
|   0|   0|   8|   8|
|   0|   0|  16|   0|
+----+----+----+----+
+----+----+----+----+
|   4|   8|   0|   0|
|   2|   8| 128| 512|
|  16|   0|   0|   0|
|  16|   0|   2|   0|
+----+----+----+----+
+----+----+----+----+
|   4|  16| 128| 512|
|   2|   2|   2|   0|
|  32|   0|   0|   0|
|   0|   0|   0|   0|
+----+----+----+----+
+----+----+----+----+
|   4|  16| 128| 512|
|   4|   2|   0|   0|
|  32|   2|   0|   0|
|   0|   0|   0|   0|
+----+----+----+----+
+----+----+----+----+
|   0|   0|   0|   0|
|   2|   0|   0|   0|
|   8|  16|   0|   0|
|  32|   4| 128| 512|
+----+----+----+----+
+----+----+----+----+
|   0|   0|   0|   0|
|   0|   0|   2|   2|
|   0|   0|   8|  16|
|  32|   4| 128| 512|
+----+----+----+----+
+----+----+----+----+
|   2|   0|   0|   0|
|   0|   0|   0|   4|
|   0|   0|   8|  16|
|  32|   4| 128| 512|
+----+----+----+----+
+----+----+----+----+
|   0|   0|   0|   0|
|   0|   2|   0|   4|
|   2|   0|   8|  16|
|  32|   4| 128| 512|
+----+----+----+----+
+----+----+----+----+
|   0|   0|   2|   0|
|   0|   0|   0|   4|
|   2|   2|   8|  16|
|  32|   4| 128| 512|
+----+----+----+----+
+----+----+----+----+
|   0|   0|   0|   2|
|   2|   0|   0|   4|
|   0|   4|   8|  16|
|  32|   4| 128| 512|
+----+----+----+----+
+----+----+----+----+
|   0|   0|   0|   2|
|   0|   2|   2|   4|
|   0|   4|   8|  16|
|  32|   4| 128| 512|
+----+----+----+----+
+----+----+----+----+
|   0|   0|   0|   2|
|   2|   0|   2|   4|
|   0|   2|   8|  16|
|  32|   8| 128| 512|
+----+----+----+----+
+----+----+----+----+
|   0|   0|   0|   2|
|   2|   0|   4|   4|
|   0|   2|   8|  16|
|  32|   8| 128| 512|
+----+----+----+----+
+----+----+----+----+
|   0|   0|   2|   2|
|   0|   0|   4|   4|
|   2|   2|   8|  16|
|  32|   8| 128| 512|
+----+----+----+----+
+----+----+----+----+
|   2|   2|   2|   2|
|  32|   8|   4|   4|
|   0|   0|   8|  16|
|   0|   2| 128| 512|
+----+----+----+----+
+----+----+----+----+
|   2|   2|   2|   2|
|  32|   8|   4|   4|
|   0|   2|   8|  16|
|   2|   0| 128| 512|
+----+----+----+----+
+----+----+----+----+
|   2|   2|   2|   2|
|  32|   8|   4|   4|
|   2|   2|   8|  16|
|   0|   2| 128| 512|
+----+----+----+----+
+----+----+----+----+
|   2|   2|   2|   2|
|  32|   8|   4|   4|
|   2|   4|   8|  16|
|   4|   0| 128| 512|
+----+----+----+----+
+----+----+----+----+
|   0|   0|   4|   4|
|   0|  32|   8|   8|
|   2|   4|   8|  16|
|   2|   4| 128| 512|
+----+----+----+----+
+----+----+----+----+
|   2|   0|   0|   4|
|   0|   0|   4|   8|
|   0|  32|  16|  16|
|   4|   8| 128| 512|
+----+----+----+----+
+----+----+----+----+
|   2|   4|   0|   0|
|   4|   8|   0|   0|
|  32|  32|   0|   2|
|   4|   8| 128| 512|
+----+----+----+----+
+----+----+----+----+
|   2|   4|   0|   0|
|   4|   8|   2|   0|
|  64|   2|   0|   0|
|   4|   8| 128| 512|
+----+----+----+----+
+----+----+----+----+
|   0|   2|   2|   4|
|   0|   4|   8|   2|
|   0|   0|  64|   2|
|   4|   8| 128| 512|
+----+----+----+----+
+----+----+----+----+
|   4|   2|   2|   4|
|   2|   4|   8|   4|
|   0|   8|  64| 512|
|   0|   0| 128|   0|
+----+----+----+----+
+----+----+----+----+
|   0|   0|   2|   0|
|   0|   2|   8|   2|
|   4|   4|  64|   8|
|   2|   8| 128| 512|
+----+----+----+----+
+----+----+----+----+
|   4|   2|   2|   2|
|   2|   4|   8|   8|
|   0|   8|  64| 512|
|   0|   0| 128|   2|
+----+----+----+----+
+----+----+----+----+
|   2|   0|   2|   2|
|   0|   2|   8|   8|
|   4|   4|  64| 512|
|   2|   8| 128|   2|
+----+----+----+----+
+----+----+----+----+
|   2|   2|   2|   2|
|   4|   4|   8|   8|
|   2|   8|  64| 512|
|   2|   0| 128|   2|
+----+----+----+----+
+----+----+----+----+
|   4|   4|   0|   0|
|   8|  16|   0|   0|
|   2|   8|  64| 512|
|   2| 128|   2|   2|
+----+----+----+----+
+----+----+----+----+
|   4|   4|  64| 512|
|   8|  16|   2|   2|
|   4|   8|   2|   0|
|   0| 128|   0|   0|
+----+----+----+----+
+----+----+----+----+
|   2|   4|   0|   0|
|   4|  16|   0|   0|
|   8|   8|  64| 512|
|   4| 128|   4|   2|
+----+----+----+----+
+----+----+----+----+
|   2|   4|   2|   0|
|   4|  16|   0|   0|
|  16|  64| 512|   0|
|   4| 128|   4|   2|
+----+----+----+----+
+----+----+----+----+
|   2|   4|   0|   0|
|   4|  16|   2|   2|
|  16|  64| 512|   0|
|   4| 128|   4|   2|
+----+----+----+----+
+----+----+----+----+
|   4|   0|   2|   4|
|   0|   4|  16|   4|
|   0|  16|  64| 512|
|   4| 128|   4|   2|
+----+----+----+----+
+----+----+----+----+
|   8|   4|   2|   8|
|   0|  16|  16| 512|
|   0| 128|  64|   2|
|   0|   0|   4|   4|
+----+----+----+----+
+----+----+----+----+
|   8|   4|   2|   8|
|  32| 512|   0|   0|
| 128|  64|   2|   0|
|   8|   0|   0|   2|
+----+----+----+----+
+----+----+----+----+
|   8|   0|   0|   0|
|  32|   4|   0|   0|
| 128| 512|   2|   8|
|   8|  64|   4|   2|
+----+----+----+----+
+----+----+----+----+
|   8|   4|   2|   8|
|  32| 512|   4|   2|
| 128|  64|   2|   0|
|   8|   0|   0|   0|
+----+----+----+----+
+----+----+----+----+
|   8|   0|   2|   0|
|  32|   4|   2|   0|
| 128| 512|   4|   8|
|   8|  64|   2|   2|
+----+----+----+----+
+----+----+----+----+
|   8|   0|   0|   2|
|  32|   4|   4|   0|
| 128| 512|   4|   8|
|   8|  64|   2|   2|
+----+----+----+----+
+----+----+----+----+
|   2|   0|   8|   2|
|   0|   0|  32|   8|
| 128| 512|   4|   8|
|   0|   8|  64|   4|
+----+----+----+----+
+----+----+----+----+
|   0|   2|   8|   2|
|   0|   0|  32|   8|
| 128| 512|   4|   8|
|   2|   8|  64|   4|
+----+----+----+----+
+----+----+----+----+
| 128|   2|   8|   2|
|   2| 512|  32|  16|
|   2|   8|   4|   4|
|   0|   0|  64|   0|
+----+----+----+----+
+----+----+----+----+
| 128|   2|   8|   2|
|   2| 512|  32|  16|
|   0|   2|   8|   8|
|   0|   0|   4|  64|
+----+----+----+----+
+----+----+----+----+
|   0|   0|   8|   2|
|   2|   2|  32|  16|
| 128| 512|   8|   8|
|   2|   2|   4|  64|
+----+----+----+----+
+----+----+----+----+
|   0|   0|   8|   2|
|   2|   4|  32|  16|
|   0| 128| 512|  16|
|   0|   4|   4|  64|
+----+----+----+----+
+----+----+----+----+
|   2|   4|   8|   2|
|   2| 128|  32|  32|
|   0|   4| 512|  64|
|   0|   0|   4|   0|
+----+----+----+----+
+----+----+----+----+
|   2|   4|   8|   2|
|   2| 128|  64|   0|
|   4| 512|  64|   0|
|   4|   4|   0|   0|
+----+----+----+----+
+----+----+----+----+
|   2|   4|   8|   2|
|   2| 128|  64|   0|
|   4| 512|  64|   0|
|   8|   0|   2|   0|
+----+----+----+----+
+----+----+----+----+
|   0|   2|   0|   0|
|   4|   4|   8|   0|
|   4| 128| 128|   0|
|   8| 512|   2|   2|
+----+----+----+----+
+----+----+----+----+
|   0|   2|   0|   0|
|   2|   4|   8|   0|
|   8| 128| 128|   0|
|   8| 512|   2|   2|
+----+----+----+----+
+----+----+----+----+
|   2|   0|   0|   2|
|   2|   4|   8|   0|
|   8| 256|   0|   0|
|   8| 512|   4|   0|
+----+----+----+----+
+----+----+----+----+
|   4|   4|   8|   2|
|  16| 256|   4|   0|
|   0| 512|   2|   0|
|   0|   0|   0|   0|
+----+----+----+----+
+----+----+----+----+
|   0|   0|   0|   0|
|   0|   4|   8|   0|
|   4| 256|   4|   2|
|  16| 512|   2|   2|
+----+----+----+----+
+----+----+----+----+
|   2|   0|   0|   0|
|   4|   8|   0|   0|
|   4| 256|   4|   2|
|  16| 512|   4|   0|
+----+----+----+----+
+----+----+----+----+
|   0|   0|   0|   2|
|   0|   2|   4|   8|
|   4| 256|   4|   2|
|   0|  16| 512|   4|
+----+----+----+----+
+----+----+----+----+
|   0|   0|   2|   2|
|   0|   2|   0|   8|
|   0| 256|   8|   2|
|   4|  16| 512|   4|
+----+----+----+----+
+----+----+----+----+
|   4|   0|   0|   0|
|   2|   8|   0|   2|
| 256|   8|   2|   0|
|   4|  16| 512|   4|
+----+----+----+----+
+----+----+----+----+
|   4|   0|   0|   2|
|   2|   8|   2|   0|
| 256|   8|   2|   0|
|   4|  16| 512|   4|
+----+----+----+----+
+----+----+----+----+
|   4|   0|   0|   0|
|   2|   2|   0|   0|
| 256|  16|   4|   2|
|   4|  16| 512|   4|
+----+----+----+----+
+----+----+----+----+
|   0|   0|   0|   4|
|   2|   0|   0|   4|
| 256|  16|   4|   2|
|   4|  16| 512|   4|
+----+----+----+----+
+----+----+----+----+
|   2|  32|   4|   8|
| 256|   0| 512|   2|
|   4|   0|   2|   4|
|   0|   0|   0|   0|
+----+----+----+----+
+----+----+----+----+
|   2|   0|   0|   0|
|   2|   0|   4|   8|
| 256|   0| 512|   2|
|   4|  32|   2|   4|
+----+----+----+----+
+----+----+----+----+
|   2|   0|   0|   2|
|   2|   4|   8|   0|
| 256| 512|   2|   0|
|   4|  32|   2|   4|
+----+----+----+----+
+----+----+----+----+
|   0|   0|   0|   0|
|   4|   4|   0|   2|
| 256| 512|   8|   2|
|   4|  32|   4|   4|
+----+----+----+----+
+----+----+----+----+
|   0|   0|   2|   0|
|   0|   0|   8|   2|
| 256| 512|   8|   2|
|   0|   4|  32|   8|
+----+----+----+----+
+----+----+----+----+
|   0|   0|   0|   0|
|   0|   0|   2|   2|
|   0| 512|  16|   4|
| 256|   4|  32|   8|
+----+----+----+----+
+----+----+----+----+
|   0|   0|   0|   0|
|   0|   2|   0|   4|
|   0| 512|  16|   4|
| 256|   4|  32|   8|
+----+----+----+----+
+----+----+----+----+
| 256|   2|  16|   8|
|   0| 512|  32|   8|
|   0|   4|   0|   0|
|   0|   2|   0|   0|
+----+----+----+----+
+----+----+----+----+
|   2|   2|   0|   0|
|   0| 512|   0|   0|
|   0|   4|  16|   0|
| 256|   2|  32|  16|
+----+----+----+----+
+----+----+----+----+
|   2|   2|  16|  16|
| 256| 512|  32|   0|
|   0|   4|   2|   0|
|   0|   2|   0|   0|
+----+----+----+----+
+----+----+----+----+
|   0|   0|   4|  32|
|   0| 256| 512|  32|
|   0|   0|   4|   2|
|   0|   2|   0|   2|
+----+----+----+----+
+----+----+----+----+
|   2| 256|   4|  64|
|   0|   2| 512|   4|
|   0|   0|   4|   0|
|   0|   0|   0|   0|
+----+----+----+----+
+----+----+----+----+
|   2| 256|   4|  64|
|   2| 512|   4|   0|
|   4|   0|   2|   0|
|   0|   0|   0|   0|
+----+----+----+----+
+----+----+----+----+
|   4| 256|   8|  64|
|   4| 512|   2|   0|
|   0|   0|   0|   2|
|   0|   0|   0|   0|
+----+----+----+----+
+----+----+----+----+
|   4| 256|   8|  64|
|   4| 512|   2|   0|
|   2|   0|   0|   0|
|   2|   0|   0|   0|
+----+----+----+----+
+----+----+----+----+
|   8| 256|   8|  64|
|   4| 512|   2|   0|
|   0|   2|   0|   0|
|   0|   0|   0|   0|
+----+----+----+----+
+----+----+----+----+
|   0|   0|   0|   0|
|   2| 256|   0|   0|
|   8| 512|   8|   0|
|   4|   2|   2|  64|
+----+----+----+----+
+----+----+----+----+
|   0|   0|   0|   0|
|   0|   0|   2| 256|
|   0|   8| 512|   8|
|   2|   4|   4|  64|
+----+----+----+----+
+----+----+----+----+
|   0|   0|   0|   0|
|   2| 256|   2|   0|
|   8| 512|   8|   0|
|   2|   8|  64|   0|
+----+----+----+----+
+----+----+----+----+
|   2| 256|   2|   0|
|   8| 512|   8|   0|
|   2|   8|  64|   0|
|   2|   0|   0|   0|
+----+----+----+----+
+----+----+----+----+
|   2| 256|   2|   0|
|   8| 512|   8|   0|
|   4|   8|  64|   0|
|   0|   2|   0|   0|
+----+----+----+----+
+----+----+----+----+
|   0|   2| 256|   2|
|   0|   8| 512|   8|
|   0|   4|   8|  64|
|   2|   0|   0|   2|
+----+----+----+----+
+----+----+----+----+
|   2| 256|   2|   2|
|   8| 512|   8|   0|
|   4|   8|  64|   0|
|   4|   0|   0|   0|
+----+----+----+----+
+----+----+----+----+
|   0|   0|   0|   2|
|   2| 256|   2|   0|
|   8| 512|   8|   0|
|   8|   8|  64|   2|
+----+----+----+----+
+----+----+----+----+
|   0|   2|   0|   2|
|   0|   2| 256|   2|
|   0|   8| 512|   8|
|   0|  16|  64|   2|
+----+----+----+----+
+----+----+----+----+
|   0|   2|   0|   0|
|   0|   4| 256|   4|
|   0|   8| 512|   8|
|   0|  16|  64|   2|
+----+----+----+----+
+----+----+----+----+
|   0|   0|   0|   2|
|   0|   4| 256|   4|
|   0|   8| 512|   8|
|   2|  16|  64|   2|
+----+----+----+----+
+----+----+----+----+
|   2|   0|   0|   0|
|   4| 256|   4|   0|
|   8| 512|   8|   2|
|   2|  16|  64|   2|
+----+----+----+----+
+----+----+----+----+
|   2| 256|   4|   4|
|   4| 512|   8|   0|
|   8|  16|  64|   0|
|   2|   2|   0|   0|
+----+----+----+----+
+----+----+----+----+
|   0|   2| 256|   8|
|   0|   4| 512|   8|
|   0|   8|  16|  64|
|   0|   4|   0|   4|
+----+----+----+----+
+----+----+----+----+
|   2| 256|   8|   0|
|   4| 512|   8|   0|
|   8|  16|  64|   0|
|   8|   0|   0|   2|
+----+----+----+----+
+----+----+----+----+
|   2|   2| 256|   8|
|   0|   4| 512|   8|
|   0|   8|  16|  64|
|   0|   0|   8|   2|
+----+----+----+----+
+----+----+----+----+
|   2|   2| 256|  16|
|   2|   4| 512|  64|
|   0|   8|  16|   2|
|   0|   0|   8|   0|
+----+----+----+----+
+----+----+----+----+
|   4|   2| 256|  16|
|   0|   4| 512|  64|
|   0|   8|  16|   2|
|   0|   2|   8|   0|
+----+----+----+----+
+----+----+----+----+
|   4|   2| 256|  16|
|   4| 512|  64|   0|
|   8|  16|   2|   0|
|   2|   8|   2|   0|
+----+----+----+----+
+----+----+----+----+
|   4|   2| 256|  16|
|   2|   4| 512|  64|
|   0|   8|  16|   2|
|   0|   2|   8|   2|
+----+----+----+----+
+----+----+----+----+
|   2|   2| 256|   0|
|   0|   4| 512|  16|
|   4|   8|  16|  64|
|   2|   2|   8|   4|
+----+----+----+----+
+----+----+----+----+
|   4| 256|   2|   0|
|   4| 512|  16|   0|
|   4|   8|  16|  64|
|   4|   8|   4|   0|
+----+----+----+----+
+----+----+----+----+
|   8| 256|   2|  64|
|   8| 512|  32|   0|
|   0|  16|   4|   0|
|   0|   0|   2|   0|
+----+----+----+----+
+----+----+----+----+
|   8| 256|   2|  64|
|   0|   8| 512|  32|
|   0|   4|  16|   4|
|   0|   0|   0|   2|
+----+----+----+----+
+----+----+----+----+
|   8| 256|   2|  64|
|   8| 512|  32|   0|
|   4|  16|   4|   0|
|   2|   0|   0|   2|
+----+----+----+----+
+----+----+----+----+
|   8| 256|   2|  64|
|   8| 512|  32|   0|
|   4|  16|   4|   0|
|   4|   0|   2|   0|
+----+----+----+----+
+----+----+----+----+
|   8| 256|   2|  64|
|   8| 512|  32|   0|
|   4|  16|   4|   2|
|   4|   2|   0|   0|
+----+----+----+----+
+----+----+----+----+
|  16| 256|   2|  64|
|   8| 512|  32|   2|
|   0|  16|   4|   0|
|   0|   2|   0|   2|
+----+----+----+----+
+----+----+----+----+
|   0| 256|   2|   0|
|   0| 512|   2|   0|
|  16|  16|  32|  64|
|   8|   2|   4|   4|
+----+----+----+----+
+----+----+----+----+
|   0|   0| 256|   2|
|   2|   0| 512|   2|
|   0|  32|  32|  64|
|   0|   8|   2|   8|
+----+----+----+----+
+----+----+----+----+
|   0|   0| 256|   2|
|   2|   2| 512|   2|
|   0|   0|  64|  64|
|   0|   8|   2|   8|
+----+----+----+----+
+----+----+----+----+
|   2|   0| 256|   0|
|   0|   0| 512|   4|
|   0|   2|  64|  64|
|   2|   8|   2|   8|
+----+----+----+----+
+----+----+----+----+
|   0|   0| 256|   2|
|   0|   0| 512|   4|
|   0|   2|  64|  64|
|   4|   8|   2|   8|
+----+----+----+----+
+----+----+----+----+
|   2|   0| 256|   2|
|   0|   0| 512|   4|
|   0|   0|   2| 128|
|   4|   8|   2|   8|
+----+----+----+----+
+----+----+----+----+
|   0|   2| 256|   2|
|   0|   0| 512|   4|
|   2|   0|   2| 128|
|   4|   8|   2|   8|
+----+----+----+----+
+----+----+----+----+
|   2|   2| 256|   2|
|   4|   8| 512|   4|
|   0|   2|   4| 128|
|   0|   0|   0|   8|
+----+----+----+----+
+----+----+----+----+
|   0|   0|   0|   2|
|   2|   2| 256|   4|
|   2|   8| 512| 128|
|   4|   2|   4|   8|
+----+----+----+----+
+----+----+----+----+
|   2|   0|   0|   2|
|   0|   4| 256|   4|
|   2|   8| 512| 128|
|   4|   2|   4|   8|
+----+----+----+----+
+----+----+----+----+
|   0|   0|   0|   4|
|   4|   4| 256|   4|
|   2|   8| 512| 128|
|   4|   2|   4|   8|
+----+----+----+----+
+----+----+----+----+
|   0|   0|   2|   0|
|   4|   4| 256|   8|
|   2|   8| 512| 128|
|   4|   2|   4|   8|
+----+----+----+----+
+----+----+----+----+
|   2|   0|   0|   0|
|   8| 256|   8|   2|
|   2|   8| 512| 128|
|   4|   2|   4|   8|
+----+----+----+----+
+----+----+----+----+
|   2| 256|   8|   2|
|   8|   8| 512| 128|
|   2|   2|   4|   8|
|   4|   0|   2|   0|
+----+----+----+----+
+----+----+----+----+
|   2| 256|   8|   2|
|  16| 512| 128|   0|
|   4|   4|   8|   0|
|   4|   2|   2|   0|
+----+----+----+----+
+----+----+----+----+
|   2| 256|   8|   2|
|  16| 512| 128|   2|
|   8|   8|   0|   0|
|   4|   4|   0|   0|
+----+----+----+----+
+----+----+----+----+
|   2| 256|   8|   4|
|  16| 512| 128|   0|
|   8|   8|   0|   2|
|   4|   4|   0|   0|
+----+----+----+----+
+----+----+----+----+
|   2| 256|   8|   4|
|  16| 512| 128|   2|
|  16|   2|   0|   0|
|   8|   0|   0|   0|
+----+----+----+----+
+----+----+----+----+
|   2| 256|   8|   4|
|  16| 512| 128|   2|
|   0|   2|  16|   2|
|   0|   0|   0|   8|
+----+----+----+----+
+----+----+----+----+
|   0|   2|   0|   0|
|   0| 256|   8|   4|
|   2| 512| 128|   4|
|  16|   2|  16|   8|
+----+----+----+----+
+----+----+----+----+
|   0|   2|   0|   2|
|   0| 256|   8|   4|
|   2| 512| 128|   4|
|  16|   2|  16|   8|
+----+----+----+----+
+----+----+----+----+
|   4|   0|   0|   2|
| 256|   8|   4|   0|
|   2| 512| 128|   4|
|  16|   2|  16|   8|
+----+----+----+----+
+----+----+----+----+
|   4|   8|   4|   2|
| 256| 512| 128|   4|
|   2|   2|  16|   8|
|  16|   0|   2|   0|
+----+----+----+----+
+----+----+----+----+
|   4|   8|   4|   2|
| 256| 512| 128|   4|
|   2|   4|  16|   8|
|   0|   0|  16|   2|
+----+----+----+----+
+----+----+----+----+
|   0|   2|   0|   2|
|   4|   8|   4|   4|
| 256| 512| 128|   8|
|   2|   4|  32|   2|
+----+----+----+----+
+----+----+----+----+
|   4|   0|   2|   0|
|   4|   8|   8|   0|
| 256| 512| 128|   8|
|   2|   4|  32|   2|
+----+----+----+----+
+----+----+----+----+
|   0|   0|   4|   2|
|   0|   4|   4|  16|
| 256| 512| 128|   8|
|   2|   4|  32|   2|
+----+----+----+----+
+----+----+----+----+
|   0|   0|   2|   2|
|   0|   4|   8|  16|
| 256| 512| 128|   8|
|   2|   4|  32|   2|
+----+----+----+----+
+----+----+----+----+
| 256|   4|   2|   2|
|   2| 512|   8|  16|
|   2|   4| 128|   8|
|   0|   0|  32|   2|
+----+----+----+----+
+----+----+----+----+
| 256|   4|   4|   2|
|   2| 512|   8|  16|
|   2|   4| 128|   8|
|  32|   2|   0|   0|
+----+----+----+----+
+----+----+----+----+
| 256|   8|   2|   0|
|   2| 512|   8|  16|
|   2|   4| 128|   8|
|  32|   2|   2|   0|
+----+----+----+----+
+----+----+----+----+
| 256|   8|   2|  16|
|   4| 512|   8|   8|
|  32|   4| 128|   0|
|   0|   2|   2|   4|
+----+----+----+----+
+----+----+----+----+
| 256|   8|   2|  16|
|   4| 512|   8|   8|
|  32|   4| 128|   4|
|   2|   2|   2|   0|
+----+----+----+----+
+----+----+----+----+
| 256|   8|   2|  16|
|   0|   4| 512|  16|
|  32|   4| 128|   4|
|   2|   0|   2|   4|
+----+----+----+----+
+----+----+----+----+
| 256|   8|   2|  32|
|  32|   8| 512|   8|
|   2|   0| 128|   0|
|   0|   0|   2|   4|
+----+----+----+----+
+----+----+----+----+
| 256|   8|   2|  32|
|  32|   8| 512|   8|
|   2| 128|   0|   2|
|   2|   4|   0|   0|
+----+----+----+----+
+----+----+----+----+
| 256|   8|   2|  32|
|  32|   8| 512|   8|
|   2| 128|   2|   0|
|   2|   4|   0|   2|
+----+----+----+----+
+----+----+----+----+
| 256|   8|   2|  32|
|  32|   8| 512|   8|
|   2| 128|   2|   2|
|   2|   4|   2|   0|
+----+----+----+----+
+----+----+----+----+
| 256|  16|   2|  32|
|  32| 128| 512|   8|
|   4|   4|   4|   2|
|   2|   0|   0|   0|
+----+----+----+----+
+----+----+----+----+
| 256|  16|   2|  32|
|  32| 128| 512|   8|
|   0|   4|   8|   2|
|   0|   0|   2|   2|
+----+----+----+----+
+----+----+----+----+
| 256|  16|   2|  32|
|  32| 128| 512|   8|
|   0|   4|   8|   2|
|   2|   0|   0|   4|
+----+----+----+----+
+----+----+----+----+
| 256|  16|   2|  32|
|  32| 128| 512|   8|
|   2|   4|   8|   2|
|   0|   0|   2|   4|
+----+----+----+----+
+----+----+----+----+
| 256|  16|   2|  32|
|  32| 128| 512|   8|
|   2|   4|   8|   2|
|   2|   4|   2|   0|
+----+----+----+----+
+----+----+----+----+
|   0|   0|   2|   2|
| 256|  16| 512|  32|
|  32| 128|   8|   8|
|   4|   8|   2|   2|
+----+----+----+----+
+----+----+----+----+
| 256|  16|   2|   2|
|  32| 128| 512|  32|
|   4|   8|   8|   8|
|   0|   2|   2|   2|
+----+----+----+----+
+----+----+----+----+
|   2|  16|   2|   2|
| 256| 128| 512|  32|
|  32|   8|   8|   8|
|   4|   2|   2|   2|
+----+----+----+----+
+----+----+----+----+
|   2|  16|   4|   2|
| 256| 128| 512|  32|
|  32|  16|   8|   0|
|   4|   4|   2|   0|
+----+----+----+----+
+----+----+----+----+
|   2|  16|   4|   2|
| 256| 128| 512|  32|
|  32|  16|   8|   2|
|   8|   2|   0|   0|
+----+----+----+----+
+----+----+----+----+
|   2|  16|   4|   2|
| 256| 128| 512|  32|
|  32|  16|   8|   2|
|   0|   2|   8|   2|
+----+----+----+----+
+----+----+----+----+
|   0|  16|   2|   0|
|   2| 128|   4|   2|
| 256|  16| 512|  32|
|  32|   2|  16|   4|
+----+----+----+----+
+----+----+----+----+
|   2|  16|   2|   2|
| 256| 128|   4|  32|
|  32|  16| 512|   4|
|   0|   2|  16|   2|
+----+----+----+----+
+----+----+----+----+
|   2|  16|   4|   0|
| 256| 128|   4|  32|
|  32|  16| 512|   4|
|   2|  16|   2|   2|
+----+----+----+----+
+----+----+----+----+
|   2|  16|   8|  32|
| 256| 128| 512|   4|
|  32|  32|   2|   2|
|   2|   0|   0|   2|
+----+----+----+----+
+----+----+----+----+
|   2|  16|   8|  32|
| 256| 128| 512|   4|
|   0|   2|  64|   4|
|   0|   0|   0|   4|
+----+----+----+----+
+----+----+----+----+
|   2|  16|   8|  32|
| 256| 128| 512|   4|
|   2|  64|   4|   0|
|   4|   0|   0|   2|
+----+----+----+----+
+----+----+----+----+
|   2|  16|   8|  32|
| 256| 128| 512|   4|
|   0|   2|  64|   4|
|   2|   0|   4|   2|
+----+----+----+----+
+----+----+----+----+
|   0|   2|   8|   0|
|   2|  16| 512|  32|
| 256| 128|  64|   8|
|   2|   2|   4|   2|
+----+----+----+----+
+----+----+----+----+
|   2|   8|   0|   0|
|   2|  16| 512|  32|
| 256| 128|  64|   8|
|   4|   4|   2|   2|
+----+----+----+----+
+----+----+----+----+
|   0|   0|   2|   8|
|   2|  16| 512|  32|
| 256| 128|  64|   8|
|   0|   2|   8|   4|
+----+----+----+----+
+----+----+----+----+
|   2|   8|   0|   0|
|   2|  16| 512|  32|
| 256| 128|  64|   8|
|   2|   8|   4|   2|
+----+----+----+----+
+----+----+----+----+
|   4|   8|   0|   0|
|   4|  16| 512|  32|
| 256| 128|  64|   8|
|   2|   8|   4|   2|
+----+----+----+----+
+----+----+----+----+
|   8|   8| 512|  32|
| 256|  16|  64|   8|
|   2| 128|   4|   2|
|   0|   8|   0|   2|
+----+----+----+----+
+----+----+----+----+
|   8|   8| 512|  32|
| 256|  16|  64|   8|
|   2| 128|   4|   4|
|   4|   8|   0|   0|
+----+----+----+----+
+----+----+----+----+
|   8|   8|   4|   0|
| 256|  16| 512|  32|
|   2| 128|  64|   8|
|   4|   8|   4|   4|
+----+----+----+----+
+----+----+----+----+
|  16|   4|   0|   4|
| 256|  16| 512|  32|
|   2| 128|  64|   8|
|   4|   8|   8|   0|
+----+----+----+----+
+----+----+----+----+
|  16|   8|   4|   0|
| 256|  16| 512|  32|
|   2| 128|  64|   8|
|   4|  16|   0|   0|
+----+----+----+----+
+----+----+----+----+
|  16|   8|   0|   2|
| 256|  16|   4|   0|
|   2| 128| 512|  32|
|   4|  16|  64|   8|
+----+----+----+----+
+----+----+----+----+
|  16|   8|   4|   2|
| 256|  16| 512|  32|
|   2| 128|  64|   8|
|   4|  16|   0|   2|
+----+----+----+----+
+----+----+----+----+
|  16|   8|   2|   2|
| 256|  16|   4|  32|
|   2| 128| 512|   8|
|   4|  16|  64|   2|
+----+----+----+----+
+----+----+----+----+
|  16|   8|   4|   2|
| 256|  16|   4|  32|
|   2| 128| 512|   8|
|   4|  16|  64|   2|
+----+----+----+----+
+----+----+----+----+
|  16|   8|   2|   2|
| 256|  16|   8|  32|
|   2| 128| 512|   8|
|   4|  16|  64|   2|
+----+----+----+----+
{"grid":[[16,8,4,2],[256,16,8,32],[2,128,512,8],[4,16,64,2]],"message":"Game Over! You Lost!","moved":true,"over":true,"points":4,"score":7128,"session_id":"754d722d8b2f696e8f2f1b6469c1bc33572fdea3","won":false,"zen":"Nothing can bring you peace but yourself."}
+----+----+----+----+
|  16|   8|   4|   2|
| 256|  16|   8|  32|
|   2| 128| 512|   8|
|   4|  16|  64|   2|
+----+----+----+----+
